2
26
33
39
42
50
51
52
54
66
82
84
88
92
109
114
115
122
134
138
141
164
174
175
181
188
189
191
195
204
210
214
216
223
225
227
237
241
258
266
268
279
290
302
306
308
311
323
330
340
348
349
352
354
377
388
389
391
400
425
435
444
445
448
453
454
455
457
470
483
487
497
504
506
508
512
518
521
528
537
539
540
551
566
568
577
586
592
594
595
598
600
608
614
616
624
653
660
662
670
679
689
708
713
716
723
730
734
735
739
757
766
775
784
797
798
799
800
805
811
815
818
828
852
861
869
901
910
913
917
936
952
953
958
972
990
993
1008
1011
1014
1017
1023
1033
1037
1038
1042
1056
1066
1082
1089
1131
1139
1142
1153
1156
1169
1172
1173
1178
1188
1196
1204
1227
1254
1256
1261
1266
1274
1276
1277
1289
1306
1316
1331
1347
1354
1363
1369
1370
1381
1386
1392
1395
1399
1404
1410
1411
1417
1420
1450
1454
1455
1486
1488
1498
1499
1504
1505
1506
1514
1522
1528
1537
1538
1544
1546
1550
1560
1562
1567
1571
1572
1574
1578
1581
1582
1587
1595
1597
1599
1600
1605
1624
1627
1634
1642
1643
1645
1653
1658
1675
1681
1684
1702
1703
1708
1714
1718
1739
1744
1751
1764
1770
1775
1792
1810
1817
1823
1836
1857
1872
1879
1883
1886
1887
1892
1896
1920
1924
1926
1927
1939
1942
1943
1950
1958
1961
1982
1989
2001
2008
2025
2027
2030
2034
2036
2081
2085
2091
2102
2103
2110
2113
2116
2122
2136
2138
2162
2163
2173
2174
2204
2211
2217
2224
2235
2251
2253
2261
2277
2290
2298
2311
2318
2326
2363
2367
2374
2376
2379
2382
2397
2403
2407
2410
2411
2420
2422
2423
2428
2441
2447
2453
2461
2469