2
2
27
7
4
2
1
1
14
3
1
9
2
5
1
3
3
5
3
18
1
1
16
1
3
1
71
5
1
7
4
2
3
58
6
2
2
1
2
35
1
1
60
1
1
2
3
1
1
1
385
1179
30
5
112
1
1
4
2
1
2
1
3
10
4
1
107
1
4
1
4
3
1
1
1
15
1
1
5
20
2
2
191
6
28
1
2
9
347
2
5
4
30
1
1
1
3
2
5
2
24
1
1
10
1
10
6
3
9
29
13
1
1
7
297
172
1
5
1
8
8
23
26
3
8
1
2
3
1
11
3
4
2
14
876
1
1
2
727
2
2
143
4
17
1
1
1
1
2
4
4
7
1
1
1
2
1
18
1
2
1
4
5
2
44
18
22
14
1
14
1
1
2
1
141
73
2
2
3
6
1
46
1
3
4
2
2
2
82
27
1
35
2
1
7
49
1
1
2
1
25
13
2
1
602
2
2
1
3
4
33
3
4
1
64
1
210
1
5
3
17
1
3
120
1
80
1
46
2
12
6
5
1
6
1
1
1
49
5
8
4
81
1
2
1
6
1
1
1
14
7
7
2
1
2
15
1
20
83
9
10
23
2
2
1
1
1647
3
46
4
1
5
3
2
3
1
3
4
1
99
13
10
2
1
2
1
20
1
1
18
821
3
12
17
1
1
1
3
1
3
1
7
461
1
1
9
127
2
207
1
4
54
12
10
3
1
8
1
1
2
15
3
1
601
10
7
1
1
11
1
31
3
1
6
1
2
2
8
1
1
28
1
2
1
2
4
1
2
141
141
2
16
50
5
28
2
1
2
4
2
1
1
1
5
1
6
6
2
2
1
1
1
2
1
7
3
2
72
1
14
19
1
1
3
1
5
8
3
54
638
1
450
1
8
4
7
8
2
2
1
85
1
1
2
9
1
2
1
6
21
4
1
10
2
1
1
1
1
5
4
1
1
1
1
9
26
3
1
2
1
3
1
1
5
5
26
1
1
18
12
4
24
1
1
36
58
6
3
675
25
2
1
1
90
254
47
2
32
15
4
1
3
1
2
1
8
5
3
15
1
47
2
24
1
3
1
6
2
1
7
1
9
1
69
2
4
8
28
15
2
1
1
1
1
1
2
12
38
1
1
1
3
1
5
33
4
55
7
596
5
2
2
29
15
7
6
1
1
329
1
1
52
1
1
1
1
1
1
39
1
1
1
3
3
2
1
1
28
3
411
162
2
1
1
10
4
1
5
1
1
1
28
2
1
2
1
1
18
8
1
2
2
1
1
9
21
45
1
44
13
1
14
1
3
1
1
2
118
3
4
8
7
1
1
1
1
64
1
2
1
1
9
199
7
235
440
5
12
134
4
27
1
7
5
1
7
1
2
126
1
1
1
20
1
31
6
99
2
5
22
15
6
3
1
179
2
1
4
3
3
1
6
20
7
2
3
1
1
1
1
1
9
6
9
3
2
1
4
3
6
1
1
1
37
23
3
1
7
1
1
227
1
41
2
1
1
2
1
2
1
65
4
1
1
2
4
2
1
1
55
1
6
1
1
1
4
18
1
1
71
2
1
6
2
2
2
8
1
1
5
1
6
1
1
1
1
15
1
77
3
4
2
2
36
7
5
142
12
5
1
2
9
16
29
3
14
1
1
6
1
58
2
1
1
39
80
1
3
1
58
6
3
1
3
10
3
7
7
1
2
8
5
2
3
4
1
2
155
1
6
1
2
22
1
1
2
26
1
1
1
1
1
1
1
1
47
2
1
3
8
1
2
22
3
52
1
2
1
1
1
1
1
2
9
1
2
3
63
26
96
32
1
1
4
2
86
1
8
14
4
12
87
9
1
2
590
16
1
32
1
1
2
1
1
6
6
13
10
54
1
5
1
1
1
1
1
1
1
2
2
1
4
5
16
10
2
1
8
3
22
3
14
38
1
2
17
1
6
5
1
18
82
1
1
1
1
1
1
3
31
2
3
7
1
4
4
5
14
1
1
1
1
16
2
1
1
1
1
1
1
1
3
2
6
1
5
3
6
1
1
2
58
1
10
4
1
1
1
1
3
140
1
2
57
1
1
4
65
4
2
1
1
1
7
3
4
1
2
1
1
1
1
1
2
1
1
489
1
13
1
1
1
16
8
4
3
1
18
1
3
2
1
349
503
15
1
7
1
159
15
1
1
14
2
5
10
3
2
1
8
2
1
140
7
1
1
2
1
2
3
1
1
1
1
3
3
4
1
2
1
26
1
1
69
1
4
5
1
2
1
4
1
2
9
1
5
8
1
1967
7
3
134
1
1
240
3
2
29
1
3
5
13
4
40
2
2
1
1
1
1
1
1
2
70
1
1
1
53
26
1
3
5
75
2
3
15
1
3
1
12
1
2
9
2
1
3
53
2
1
1
1
12
6
15
2
1
146
2
1
11
2
1
11
2
1
3
2
25
6
3
1
1
51
23
1
4
1
1
1
167
1
2
1
1
1
2
1
4
3
1
9
3
10
1
9
1
1
1
2
1
10
1
1
3
7
1
1
4
21
5
1
10
5
15
3
1
7
14
1
6
1
45
3
3
5
1
1
2
1
26
1
1
1116
1
18
2
11
14
2
1
15
2
2
178
2
1
41
1
6
2
1
2
1
3
1
2
1
18
1
97
7
1
84
91
1
12
14
1
30
1
7
1
1
1
5
2
3
7
44
1
4
1
1
1
1
1
141
1
1
1
1
4
1
4
38
2
1
2
1
3
2
10
3
9
1
1
1
1
2
1
2
3
1
6
1
8
1
187
1
1
20
24
10
6
1
8
13
5
15
2
1
1
9
9
2
1
9
1
5
24
2
4
1
6
60
1
64
4
10
1
7
183
8
1
1
1
31
2
7
12
3
24
1
11
48
1
41
29
1
2
10
13
1
25
3
2
7
4
5
552
4
2
1
1
25
1
1
1
4
1
1
1
3
2
11
2
903
1
1
1
1
4
9
3
1
2
47
2
7
1
1
5
1
1
1
2
2
23
3
3
1
312
11
1
2
23
3
24
1
1
1
10
9
23
8
22
1
229
4
14
1
5
4
4
87
10
1
1
1
4
4
4
1
29
2
4
1
1
3
1101
42
1
1
2
1
1
1
1
11
8
1
58
5
1
1
1
527
1
25
2
5
3
163
8
2
55
1
3
1
52
4
22
16
23
58
5
1
9
4
2
32
314
13
2
8
2
5
33
1
1
61
4
2
1
1
3
1
1
22
1
11
1
1
5
1
2
12
3
2
1
11
3
1
1
3
24
1
2
3
8
41
3
2
1
49
232
2
2
1
1
3
1
2
1
1
17
1
1
1
1
14
1
1
2
1
1
1
2
1
1
16
1
6
1
3
2
428
1
31
1
8
10
1
1
1
23
2
1
28
58
9
1
3
1
40
68
30
2
2
4
1
2
2
9
82
8
1
1
1
3
3
7
62
1
1
7
4
1
51
2
1
1
1
7
1
1
6
80
44
2
1
19
1
1
85
2
31
2
1
2
56
1
15
1
1
1
4
1
1
1
133
1
107
1
6
11
10
110
1
10
1
253
126
1
48
2
1
2
34
1
1
143
38
4
1
4
8
46
11
1
1
2
1
1
1
95
5
44
4
38
35
1
7
1
1
28
11
1
1
11
1
2
18
1
5
3
1
2
1
2
7
1
2
1
40
1
9
114
2
2
2
1
9
24
148
1
3
1
2
1
1
1
101
103
2
623
2
18
1
19
7
4
2
56
6
1
4
3
1522
1
16
2
1
2
11
1
4
2
1
2
1
2
5
1
2
72
1
1
19
4
5
28
2
3
30
1
1
3
1
1
4
6
4
10
1
1
7
1
4
11
2
11
53
720
3
2
10
1
317
6
1
1
1
1
150
7
2
5
49
1
4
1
2
1
3
9
1
3
1
2
1
4
1
1
7
1
21
1
1
28
1
3
1
1
81
1
2
6
21
2
1
39
1
4
2
5
1
2
8
1
3
5
3
4
50
1
1
1
3
3
32
2
5
2
1
198
1
1
1
1
1
6
4
3
2
3
2
3
6
1
1
1
73
1
1
9
1
1
1
2
1
1
7
20
2
10
11
1
4
1
218
11
1
1
5
5
24
129
1
10
4
6
2
229
1
18
2
4
2
1
6
2
1
5
2
4
49
9
1
15
1
8
12
1
1
21
2
1
2
19
16
1
1
2
1
1
1
84
6
1
4
7
1
1
1
1
1
1
1
18
15
4
261
5
2
1
2
4
6
48
5
1
14
33
10
3
245
119
1
1
15
1
251
3
4
3
48
1
1
9
1
3
2
3
1
3
1
2
1
1
2
1
9
2
3
4
1
3
1
3
47
1
2
3
35
1
50
29
1
1
2
11
2
7
17
1
13
1
14
156
1
12
68
213
8
10
1
2
5
1
165
3
2
3
1
2
1
2
66
1
4
57
1
1
6
1
1
2
2
1
2
1
1
1
4
1
1
2
3
4
1
1
31
1
10
7
6
1
1
50
1
1
2
1
1
2
11
3
1
2
4
1018
1
1
2
3
3
16
35
1
2
15
1
1
2
1
2
1
1
1
2
3
3
8
1
598
1
72
2
1
80
3
17
2
103
12
52
3
5
6
1
3
1
1
1
1
1
1
1
7
2
1
4
2
1
2
1
1
1
1
4
5
25
1
2
1
1
10
2
1
17
1
4
1
1
1
22
4
1
5
12
269
1
1
24
103
1
1
1
1
2
52
25
12
9
1
1
2
8
1
3
1
27
69
1
3
2
1
1
1
111
1
1
208
2
1
231
2
1
2
1
23
205
2
8
8
4
1
1
1
6
1
21
3
1
7
27
1
30
8
1
1
4
1
2
1
1
18
1
16
2
14
14
3
1
1
4
5
1
3
1
7
41
37
1
2
2
3
11
18
15
7
8
45
55
1
7
17
4
1
7
2
1
7
2
12
1
2
1
1
1
4
1
22
2
4
2
2
6
1
1
4
1
2
455
2
5
1
2
3
5
77
3
1
25
6
2
39
1
1
1
2
3
2
114
1
10
7
4
1
1
16
5
1
1
1531
1
1
13
1
3
1
1
1
2
23
1
6
1
1
7
38
1
166
3
24
2
11
1
13
1
421
1
1
1
1
3
1
2
2
3
1
2
1
8
15
1
53
8
17
1
3
4
1
1
13
1
1
1
8
504
1
2
3
1
2
7
1
128
1
3
3
1
2
1
1
1
2
1
2
8
29
5
8
1
1
2
2
29
3
2
1
2
1
1
1
38
7
9
3
2
1
12
1
1
5
1
1
1
8
1
1
3
9
8
13
6
1
5
2
3
4
5
1
3
21
1
1
20
2
1
1
1
36
3
11
1
31
7
1
2
1
4
2
96
3
52
2
2
231
1
14
545
1
5
5
24
1
3
3
1
15
14
6
2
2
1
59
1
1
4
1
3
47
1
1
2
54
2
2
30
158
23
3
4
16
5
5
5
1
54
1
26
899
2
24
2
1
1185
1
2
1
3
2
8
1
4
4
2
6
7
115
1
9
14
1
2
265
6
14
1
2
8
36
1
2
1
4
1
1
22
140
1
1
23
5
9
1
5
30
6
2
4
2
done
